PDF#73-0294: QM=Calculated; d=Calculated; I=(Unknown)
Hydroxylapatite
Ca5(PO4)3(OH)	
Radiation=CuKa1	Lambda=1.5406	Filter=
Calibration=	2T=10.822-89.446	I/Ic(RIR)=1.06
Ref: Level-1 PDF

Hexagonal,  P63/m(176)	Z=2	mp=
CELL: 9.432 x 9.432 x 6.881 <90.0 x 90.0 x 120.0>	P.S=
Density(c)=3.146	Density(m)=	Mwt=	Vol=530.1	
Ref: Ibid.

Strong Lines: 2.82/X  2.72/6  2.78/5  3.44/4  1.84/3  1.95/3  2.63/2  2.27/2

2-Theta    d(?)   I(f)  ( h k l)   Theta  1/(2d)   2pi/d  n^2  
 10.822  8.1684   17.1  ( 1 0 0)   5.411  0.0612  0.7692     
 16.833  5.2626    4.6  ( 1 0 1)   8.417  0.0950  1.1939     
 18.801  4.7160    2.4  ( 1 1 0)   9.400  0.1060  1.3323     
 21.742  4.0842    6.6  ( 2 0 0)  10.871  0.1224  1.5384     
 22.842  3.8900    6.3  ( 1 1 1)  11.421  0.1285  1.6152     
 25.338  3.5121    2.4  ( 2 0 1)  12.669  0.1424  1.7890     
 25.875  3.4405   36.2  ( 0 0 2)  12.937  0.1453  1.8262     
 28.120  3.1707    8.9  ( 1 0 2)  14.060  0.1577  1.9816     
 28.895  3.0873   16.1  ( 2 1 0)  14.448  0.1620  2.0351     
 31.740  2.8168  100.0  ( 2 1 1)  15.870  0.1775  2.2306     
 32.178  2.7795   51.6  ( 1 1 2)  16.089  0.1799  2.2606     
 32.867  2.7228   61.6  ( 3 0 0)  16.433  0.1836  2.3076     
 34.044  2.6313   21.2  ( 2 0 2)  17.022  0.1900  2.3879     
 35.425  2.5318    3.9  ( 3 0 1)  17.713  0.1975  2.4817     
 38.133  2.3580    0.2  ( 2 2 0)  19.067  0.2120  2.6646     
 39.172  2.2978    5.1  ( 2 1 2)  19.586  0.2176  2.7344     
 39.754  2.2655   20.6  ( 1 3 0)  19.877  0.2207  2.7734     
 40.402  2.2307    1.8  ( 2 2 1)  20.201  0.2241  2.8167     
 40.830  2.2083    0.4  ( 1 0 3)  20.415  0.2264  2.8453     
 41.950  2.1519    5.6  ( 1 3 1)  20.975  0.2324  2.9199     
 42.296  2.1351    1.1  ( 3 0 2)  21.148  0.2342  2.9428     
 43.856  2.0626    4.5  ( 1 1 3)  21.928  0.2424  3.0462     
 44.321  2.0421    1.1  ( 4 0 0)  22.160  0.2448  3.0768     
 45.308  1.9999    3.5  ( 2 0 3)  22.654  0.2500  3.1418     
 46.340  1.9577    0.7  ( 4 0 1)  23.170  0.2554  3.2095     
 46.660  1.9450   28.3  ( 2 2 2)  23.330  0.2571  3.2304     
 48.045  1.8921   12.2  ( 1 3 2)  24.023  0.2643  3.3207     
 48.541  1.8740    4.1  ( 2 3 0)  24.271  0.2668  3.3529     
 49.463  1.8412   30.9  ( 2 1 3)  24.731  0.2716  3.4126     
 50.430  1.8081   16.2  ( 3 2 1)  25.215  0.2765  3.4750     
 51.207  1.7825   11.5  ( 1 4 0)  25.603  0.2805  3.5250     
 52.034  1.7561   11.4  ( 4 0 2)  26.017  0.2847  3.5780     
 53.202  1.7203   13.8  ( 0 0 4)  26.601  0.2907  3.6525     
 54.464  1.6833    1.0  ( 1 0 4)  27.232  0.2970  3.7326     
 55.817  1.6457    6.0  ( 3 2 2)  27.909  0.3038  3.8180     
 56.264  1.6337    0.2  ( 5 0 0)  28.132  0.3061  3.8461     
 57.096  1.6118    3.8  ( 3 1 3)  28.548  0.3102  3.8982     
 57.974  1.5895    1.5  ( 5 0 1)  28.987  0.3146  3.9530     
 58.139  1.5854    1.1  ( 2 0 4)  29.070  0.3154  3.9633     
 58.247  1.5827    1.0  ( 4 1 2)  29.123  0.3159  3.9700     
 58.681  1.5720    0.8  ( 3 3 0)  29.341  0.3181  3.9969     
 59.867  1.5437    4.3  ( 2 4 0)  29.933  0.3239  4.0703     
 60.347  1.5325    3.1  ( 3 3 1)  30.174  0.3263  4.0999     
 61.513  1.5062    3.1  ( 2 4 1)  30.757  0.3320  4.1714     
 61.673  1.5027    5.4  ( 1 2 4)  30.837  0.3327  4.1812     
 62.927  1.4757    7.9  ( 5 0 2)  31.464  0.3388  4.2576     
 63.342  1.4671    1.6  ( 5 1 0)  31.671  0.3408  4.2828     
 63.964  1.4543    7.4  ( 3 0 4)  31.982  0.3438  4.3204     
 64.118  1.4512    8.9  ( 3 2 3)  32.059  0.3445  4.3297     
 64.938  1.4348    7.0  ( 5 1 1)  32.469  0.3485  4.3790     
 66.362  1.4074    2.0  ( 1 4 3)  33.181  0.3553  4.4642     
 67.320  1.3897    0.1  ( 2 2 4)  33.660  0.3598  4.5212     
 68.421  1.3700    0.4  ( 3 1 4)  34.210  0.3650  4.5861     
 68.916  1.3614    0.2  ( 6 0 0)  34.458  0.3673  4.6153     
 69.167  1.3571    0.1  ( 1 0 5)  34.583  0.3684  4.6300     
 69.610  1.3495    2.0  ( 5 1 2)  34.805  0.3705  4.6559     
 70.004  1.3429    0.4  ( 4 3 0)  35.002  0.3723  4.6789     
 70.448  1.3355    0.1  ( 6 0 1)  35.224  0.3744  4.7047     
 70.743  1.3306    0.2  ( 5 0 3)  35.371  0.3758  4.7219     
 71.332  1.3211    0.5  ( 1 1 5)  35.666  0.3785  4.7560     
 71.526  1.3180    3.7  ( 4 3 1)  35.763  0.3794  4.7672     
 71.673  1.3156    2.0  ( 4 0 4)  35.837  0.3800  4.7757     
 72.159  1.3080    2.8  ( 5 2 0)  36.080  0.3823  4.8037     
 72.405  1.3041    1.6  ( 2 0 5)  36.202  0.3834  4.8178     
 72.888  1.2967    0.2  ( 3 3 3)  36.444  0.3856  4.8456     
 73.662  1.2850    1.9  ( 5 2 1)  36.831  0.3891  4.8898     
 73.951  1.2807    3.7  ( 2 4 3)  36.976  0.3904  4.9062     
 74.866  1.2673    1.3  ( 2 3 4)  37.433  0.3946  4.9581     
 74.961  1.2659    1.1  ( 6 0 2)  37.480  0.3950  4.9635     
 75.585  1.2570    4.4  ( 2 1 5)  37.792  0.3978  4.9986     
 76.013  1.2510    2.4  ( 3 4 2)  38.007  0.3997  5.0227     
 76.395  1.2457    1.8  ( 6 1 0)  38.197  0.4014  5.0441     
 76.967  1.2378    5.0  ( 1 4 4)  38.483  0.4039  5.0760     
 77.109  1.2359    4.3  ( 5 1 3)  38.555  0.4046  5.0839     
 77.680  1.2282    0.3  ( 3 0 5)  38.840  0.4071  5.1156     
 77.867  1.2257    0.8  ( 1 6 1)  38.934  0.4079  5.1260     
 78.105  1.2226    5.5  ( 2 5 2)  39.052  0.4090  5.1392     
 80.792  1.1886    0.3  ( 2 2 5)  40.396  0.4207  5.2863     
 81.120  1.1846    0.5  ( 5 0 4)  40.560  0.4221  5.3041     
 81.587  1.1790    1.7  ( 4 4 0)  40.793  0.4241  5.3292     
 81.823  1.1762    1.4  ( 1 3 5)  40.912  0.4251  5.3420     
 82.242  1.1713    0.6  ( 1 6 2)  41.121  0.4269  5.3645     
 82.615  1.1669    0.7  ( 7 0 0)  41.308  0.4285  5.3845     
 83.035  1.1621    1.0  ( 4 4 1)  41.518  0.4303  5.4069     
 83.177  1.1604    1.1  ( 3 3 4)  41.589  0.4309  5.4144     
 83.317  1.1589    3.6  ( 4 3 3)  41.658  0.4315  5.4219     
 84.203  1.1489    3.3  ( 2 4 4)  42.101  0.4352  5.4688     
 84.391  1.1468    2.1  ( 0 0 6)  42.195  0.4360  5.4787     
 84.901  1.1412    0.2  ( 4 0 5)  42.451  0.4381  5.5056     
 85.365  1.1362    1.6  ( 5 2 3)  42.682  0.4401  5.5299     
 85.689  1.1328    0.9  ( 2 6 0)  42.844  0.4414  5.5468     
 87.268  1.1163    2.2  ( 5 1 4)  43.634  0.4479  5.6287     
 87.455  1.1144    3.9  ( 1 1 6)  43.728  0.4487  5.6384     
 87.964  1.1092    2.4  ( 2 3 5)  43.982  0.4508  5.6645     
 88.379  1.1051    5.7  ( 3 5 2)  44.190  0.4525  5.6857     
 89.446  1.0947    0.3  ( 1 6 3)  44.723  0.4568  5.7399     
