PDF#70-0909: QM=Calculated; d=Calculated; I=(Unknown)
Calcium Sulfate
CaSO4	
Radiation=CuKa1	Lambda=1.5406	Filter=
Calibration=	2T=19.047-89.656	I/Ic(RIR)=1.75
Ref: Level-1 PDF

Orthorhombic,  Bmmb(63)	Z=4	mp=
CELL: 6.992 x 6.999 x 6.24 <90.0 x 90.0 x 90.0>	P.S=
Density(c)=2.961	Density(m)=	Mwt=	Vol=305.4	
Ref: Ibid.

Strong Lines: 3.50/X  2.85/3  2.21/2  2.33/2  1.87/1  1.65/1  2.47/1  1.75/1

2-Theta    d(?)   I(f)  ( h k l)   Theta  1/(2d)   2pi/d  n^2  
 19.047  4.6556    0.1  ( 1 0 1)   9.524  0.1074  1.3496     
 22.923  3.8763    5.0  ( 1 1 1)  11.462  0.1290  1.6209     
 25.431  3.4995  100.0  ( 0 2 0)  12.716  0.1429  1.7955     
 28.586  3.1200    2.1  ( 0 0 2)  14.293  0.1603  2.0138     
 31.365  2.8497   31.7  ( 0 1 2)  15.682  0.1755  2.2049     
 31.967  2.7973    3.1  ( 1 2 1)  15.984  0.1787  2.2461     
 36.292  2.4733    7.3  ( 2 2 0)  18.146  0.2022  2.5404     
 38.647  2.3278   17.6  ( 0 2 2)  19.324  0.2148  2.6992     
 40.819  2.2088   19.8  ( 2 1 2)  20.410  0.2264  2.8446     
 41.317  2.1833    6.0  ( 3 0 1)  20.659  0.2290  2.8778     
 43.345  2.0858    6.0  ( 1 3 1)  21.673  0.2397  3.0124     
 45.457  1.9936    4.2  ( 1 0 3)  22.729  0.2508  3.1516     
 46.835  1.9382    3.0  ( 2 2 2)  23.417  0.2580  3.2418     
 47.373  1.9174    0.3  ( 1 1 3)  23.687  0.2608  3.2770     
 48.694  1.8684   13.0  ( 0 3 2)  24.347  0.2676  3.3629     
 49.143  1.8524    2.9  ( 3 2 1)  24.572  0.2699  3.3919     
 52.292  1.7480    6.6  ( 0 4 0)  26.146  0.2860  3.5945     
 52.804  1.7323    0.3  ( 1 2 3)  26.402  0.2886  3.6271     
 55.738  1.6478   12.6  ( 2 3 2)  27.869  0.3034  3.8130     
 56.106  1.6379    0.5  ( 1 4 1)  28.053  0.3053  3.8361     
 57.789  1.5941    2.1  ( 3 3 1)  28.894  0.3136  3.9414     
 59.020  1.5638    3.0  ( 2 4 0)  29.510  0.3197  4.0180     
 59.177  1.5600    1.7  ( 0 0 4)  29.589  0.3205  4.0277     
 60.678  1.5250    2.4  ( 0 4 2)  30.339  0.3279  4.1202     
 60.780  1.5226    1.4  ( 0 1 4)  30.390  0.3284  4.1265     
 61.116  1.5151    0.9  ( 1 3 3)  30.558  0.3300  4.1471     
 62.257  1.4900    4.4  ( 4 1 2)  31.129  0.3356  4.2168     
 65.462  1.4246    2.5  ( 0 2 4)  32.731  0.3510  4.4105     
 65.773  1.4186    0.9  ( 3 2 3)  32.886  0.3525  4.4291     
 66.833  1.3987    1.4  ( 2 4 2)  33.417  0.3575  4.4923     
 66.979  1.3960    2.1  ( 2 1 4)  33.490  0.3582  4.5009     
 68.686  1.3654    0.6  ( 3 4 1)  34.343  0.3662  4.6018     
 70.145  1.3405    0.1  ( 1 5 1)  35.073  0.3730  4.6871     
 71.434  1.3195    3.8  ( 2 2 4)  35.717  0.3789  4.7619     
 72.881  1.2968    1.4  ( 0 3 4)  36.440  0.3856  4.8451     
 74.234  1.2765    4.8  ( 0 5 2)  37.117  0.3917  4.9223     
 77.054  1.2366    0.8  ( 4 4 0)  38.527  0.4043  5.0809     
 77.654  1.2286    0.1  ( 1 0 5)  38.827  0.4070  5.1142     
 78.622  1.2158    3.0  ( 2 3 4)  39.311  0.4112  5.1677     
 79.071  1.2101    0.2  ( 1 1 5)  39.535  0.4132  5.1924     
 79.898  1.1996    1.8  ( 2 5 2)  39.949  0.4168  5.2377     
 81.682  1.1779    0.3  ( 3 5 1)  40.841  0.4245  5.3344     
 82.651  1.1665    1.8  ( 0 6 0)  41.325  0.4286  5.3864     
 82.752  1.1653    1.9  ( 6 0 0)  41.376  0.4291  5.3918     
 82.876  1.1639    1.8  ( 0 4 4)  41.438  0.4296  5.3984     
 83.172  1.1605    1.0  ( 3 4 3)  41.586  0.4308  5.4142     
 83.285  1.1592    0.4  ( 1 2 5)  41.643  0.4313  5.4202     
 84.138  1.1496    0.4  ( 4 4 2)  42.069  0.4349  5.4654     
 84.273  1.1481    0.8  ( 4 1 4)  42.137  0.4355  5.4725     
 84.501  1.1456    0.4  ( 1 5 3)  42.251  0.4364  5.4846     
 85.804  1.1315    0.1  ( 1 6 1)  42.902  0.4419  5.5529     
 88.233  1.1065    1.8  ( 2 6 0)  44.117  0.4519  5.6783     
 88.413  1.1048    3.6  ( 2 4 4)  44.206  0.4526  5.6874     
 88.740  1.1015    1.8  ( 5 2 3)  44.370  0.4539  5.7041     
 88.874  1.1002    0.4  ( 3 0 5)  44.437  0.4545  5.7109     
 89.656  1.0926    0.1  ( 0 6 2)  44.828  0.4576  5.7505     
