PDF#76-1746: QM=Calculated; d=Calculated; I=(Unknown)
Gypsum
CaSO4(H2O)2	
Radiation=CuKa1	Lambda=1.5406	Filter=
Calibration=	2T=10.348-71.948	I/Ic(RIR)=5.05
Ref: Level-1 PDF

Monoclinic,  C2/m(12)	Z=4	mp=
CELL: 10.47 x 15.15 x 6.28 <90.0 x 98.97 x 90.0>	P.S=
Density(c)=1.162	Density(m)=	Mwt=	Vol=984.0	
Ref: Ibid.

Strong Lines: 7.57/X  3.10/2  5.17/1  2.87/1  2.86/1  4.27/1  6.20/1

2-Theta    d(?)   I(f)  ( h k l)    Theta  1/(2d)   2pi/d  n^2  
 10.348  8.5415    1.4  ( 1 1 0)    5.174  0.0585  0.7356     
 11.673  7.5750  100.0  ( 0 2 0)    5.836  0.0660  0.8295     
 14.266  6.2032    6.1  ( 0 0 1)    7.133  0.0806  1.0129     
 16.531  5.3580    0.1  (-1 1 1)    8.266  0.0933  1.1727     
 17.134  5.1710   13.3  ( 2 0 0)    8.567  0.0967  1.2151     
 18.472  4.7993    0.2  ( 0 2 1)    9.236  0.1042  1.3092     
 18.715  4.7375    0.9  ( 1 1 1)    9.357  0.1055  1.3263     
 19.546  4.5379    0.8  ( 1 3 0)    9.773  0.1102  1.3846     
 20.782  4.2708    9.3  ( 2 2 0)   10.391  0.1171  1.4712     
 23.469  3.7875    1.0  (-1 3 1)   11.734  0.1320  1.6589     
 23.704  3.7505    0.1  (-2 2 1)   11.852  0.1333  1.6753     
 24.042  3.6984    0.4  ( 2 0 1)   12.021  0.1352  1.6989     
 25.073  3.5486    1.1  ( 1 3 1)   12.537  0.1409  1.7706     
 26.495  3.3614    0.3  ( 3 1 0)   13.247  0.1487  1.8692     
 26.803  3.3235    0.1  ( 2 2 1)   13.401  0.1504  1.8906     
 27.571  3.2326    4.7  ( 0 4 1)   13.785  0.1547  1.9437     
 28.760  3.1016   15.2  ( 0 0 2)   14.380  0.1612  2.0258     
 29.203  3.0555    2.7  ( 2 4 0)   14.601  0.1636  2.0563     
 30.722  2.9078    0.5  ( 1 5 0)   15.361  0.1720  2.1608     
 31.134  2.8703   11.9  ( 0 2 2)   15.567  0.1742  2.1890     
 31.203  2.8641    9.9  (-2 0 2)   15.601  0.1746  2.1938     
 31.393  2.8472    1.6  ( 3 3 0)   15.696  0.1756  2.2068     
 31.914  2.8019    0.4  ( 1 1 2)   15.957  0.1785  2.2425     
 32.131  2.7834    0.3  ( 3 1 1)   16.066  0.1796  2.2574     
 32.851  2.7240    0.2  (-3 3 1)   16.426  0.1836  2.3066     
 33.420  2.6790    2.8  (-2 2 2)   16.710  0.1866  2.3454     
 33.844  2.6464    0.1  (-1 3 2)   16.922  0.1889  2.3743     
 34.666  2.5855    3.6  ( 1 5 1)   17.333  0.1934  2.4302     
 35.441  2.5307    3.3  (-4 0 1)   17.720  0.1976  2.4828     
 35.524  2.5250    2.0  ( 0 6 0)   17.762  0.1980  2.4884     
 35.983  2.4938    1.9  ( 2 0 2)   17.991  0.2005  2.5195     
 36.149  2.4827    1.2  ( 1 3 2)   18.075  0.2014  2.5308     
 36.271  2.4747    1.0  (-3 1 2)   18.135  0.2020  2.5390     
 36.344  2.4699    1.3  ( 3 3 1)   18.172  0.2024  2.5439     
 36.698  2.4469    1.9  ( 4 2 0)   18.349  0.2043  2.5678     
 37.436  2.4003    2.1  (-4 2 1)   18.718  0.2083  2.6177     
 37.953  2.3688    1.6  ( 2 2 2)   18.977  0.2111  2.6525     
 38.461  2.3387    0.4  ( 0 6 1)   19.230  0.2138  2.6866     
 39.411  2.2845    1.1  (-2 4 2)   19.705  0.2189  2.7504     
 39.566  2.2759    1.9  ( 3 5 0)   19.783  0.2197  2.7608     
 39.691  2.2689    3.1  ( 2 6 0)   19.846  0.2204  2.7692     
 39.774  2.2644    3.0  ( 4 0 1)   19.887  0.2208  2.7748     
 40.105  2.2465    1.3  (-3 3 2)   20.052  0.2226  2.7969     
 40.768  2.2115    0.3  (-3 5 1)   20.384  0.2261  2.8412     
 41.393  2.1795    0.5  (-2 6 1)   20.696  0.2294  2.8828     
 41.592  2.1695    0.9  ( 4 2 1)   20.796  0.2305  2.8961     
 41.817  2.1584    1.8  (-4 0 2)   20.909  0.2317  2.9111     
 42.289  2.1354    0.1  ( 4 4 0)   21.144  0.2341  2.9424     
 42.645  2.1184    0.7  ( 1 7 0)   21.322  0.2360  2.9660     
 42.946  2.1042    0.2  (-4 4 1)   21.473  0.2376  2.9860     
 43.409  2.0829    0.6  ( 2 6 1)   21.704  0.2401  3.0166     
 43.565  2.0758    1.5  ( 1 5 2)   21.783  0.2409  3.0269     
 43.718  2.0688    1.0  ( 3 5 1)   21.859  0.2417  3.0371     
 44.155  2.0494    0.2  ( 5 1 0)   22.077  0.2440  3.0659     
 44.319  2.0422    0.1  (-5 1 1)   22.160  0.2448  3.0767     
 44.547  2.0323    0.1  (-2 0 3)   22.273  0.2460  3.0917     
 44.725  2.0246    0.4  (-1 7 1)   22.362  0.2470  3.1034     
 45.431  1.9948    0.1  ( 0 2 3)   22.715  0.2507  3.1499     
 45.656  1.9854    0.1  ( 1 7 1)   22.828  0.2518  3.1647     
 45.921  1.9746    0.1  ( 3 3 2)   22.960  0.2532  3.1820     
 46.329  1.9582    0.2  ( 0 6 2)   23.164  0.2553  3.2087     
 46.458  1.9530    0.2  ( 1 1 3)   23.229  0.2560  3.2172     
 46.698  1.9435    0.1  ( 4 4 1)   23.349  0.2573  3.2329     
 46.988  1.9322    1.0  (-3 5 2)   23.494  0.2588  3.2518     
 47.461  1.9141    0.5  ( 5 3 0)   23.730  0.2612  3.2826     
 47.616  1.9082    0.3  (-5 3 1)   23.808  0.2620  3.2927     
 47.994  1.8940    1.1  (-2 6 2)   23.997  0.2640  3.3173     
 48.505  1.8752    0.1  (-4 4 2)   24.253  0.2666  3.3506     
 48.869  1.8621    0.1  ( 5 1 1)   24.435  0.2685  3.3742     
 49.233  1.8492    0.7  ( 4 0 2)   24.617  0.2704  3.3977     
 49.324  1.8460    0.4  (-5 1 2)   24.662  0.2709  3.4036     
 49.698  1.8330    1.8  ( 1 3 3)   24.849  0.2728  3.4278     
 49.950  1.8244    0.3  ( 2 0 3)   24.975  0.2741  3.4440     
 50.228  1.8149    0.3  ( 0 4 3)   25.114  0.2755  3.4620     
 50.337  1.8112    0.4  ( 0 8 1)   25.168  0.2761  3.4690     
 50.479  1.8065    0.2  ( 4 6 0)   25.240  0.2768  3.4782     
 50.780  1.7965    0.5  ( 4 2 2)   25.390  0.2783  3.4975     
 50.953  1.7908    0.3  (-2 4 3)   25.477  0.2792  3.5087     
 51.054  1.7875    0.1  (-4 6 1)   25.527  0.2797  3.5151     
 51.337  1.7782    0.9  ( 2 8 0)   25.669  0.2812  3.5334     
 51.459  1.7743    1.2  ( 2 6 2)   25.730  0.2818  3.5412     
 52.110  1.7537    0.6  (-4 0 3)   26.055  0.2851  3.5828     
 52.198  1.7509    0.6  ( 3 5 2)   26.099  0.2856  3.5885     
 52.380  1.7453    0.4  (-5 3 2)   26.190  0.2865  3.6001     
 52.740  1.7342    0.3  (-2 8 1)   26.370  0.2883  3.6231     
 53.088  1.7237    0.7  ( 1 7 2)   26.544  0.2901  3.6453     
 53.226  1.7195    0.4  ( 3 7 1)   26.613  0.2908  3.6540     
 53.603  1.7083    0.7  (-4 2 3)   26.802  0.2927  3.6780     
 53.745  1.7041    0.4  (-5 5 1)   26.873  0.2934  3.6870     
 54.384  1.6856    0.3  ( 4 6 1)   27.192  0.2966  3.7275     
 54.556  1.6807    0.7  ( 6 2 0)   27.278  0.2975  3.7384     
 55.241  1.6615    0.5  ( 4 4 2)   27.621  0.3009  3.7817     
 55.562  1.6526    0.1  ( 3 1 3)   27.781  0.3025  3.8019     
 56.078  1.6386    0.7  (-3 7 2)   28.039  0.3051  3.8344     
 56.876  1.6175    0.5  (-6 0 2)   28.438  0.3091  3.8845     
 57.560  1.5999    0.1  ( 5 1 2)   28.780  0.3125  3.9272     
 57.756  1.5949    0.1  ( 5 5 1)   28.878  0.3135  3.9394     
 57.898  1.5914    0.1  (-4 4 3)   28.949  0.3142  3.9482     
 58.150  1.5851    0.3  (-5 5 2)   29.075  0.3154  3.9639     
 58.280  1.5819    0.6  (-5 1 3)   29.140  0.3161  3.9720     
 58.369  1.5797    0.7  (-2 8 2)   29.184  0.3165  3.9775     
 58.558  1.5750    0.4  (-6 4 1)   29.279  0.3175  3.9893     
 58.811  1.5688    0.3  ( 6 4 0)   29.405  0.3187  4.0050     
 59.446  1.5536    0.5  (-2 0 4)   29.723  0.3218  4.0443     
 59.564  1.5508    0.8  ( 0 0 4)   29.782  0.3224  4.0516     
 60.326  1.5330    0.3  ( 5 3 2)   30.163  0.3262  4.0986     
 60.555  1.5278    0.4  ( 4 8 0)   30.277  0.3273  4.1127     
 60.735  1.5237    1.2  ( 3 7 2)   30.368  0.3282  4.1237     
 60.928  1.5193    1.3  ( 0 2 4)   30.464  0.3291  4.1356     
 61.064  1.5162    0.6  (-4 8 1)   30.532  0.3298  4.1440     
 61.225  1.5126    1.0  ( 3 9 0)   30.613  0.3306  4.1538     
 61.425  1.5082    0.7  ( 2 8 2)   30.713  0.3315  4.1660     
 61.619  1.5039    0.5  ( 4 0 3)   30.810  0.3325  4.1779     
 61.834  1.4992    0.2  (-1 3 4)   30.917  0.3335  4.1911     
 62.011  1.4953    0.4  ( 5 7 0)   31.006  0.3344  4.2019     
 62.169  1.4919    0.3  ( 1 1 4)   31.085  0.3351  4.2115     
 62.372  1.4875    0.3  (-6 4 2)   31.186  0.3361  4.2239     
 62.567  1.4834    0.2  (-7 1 1)   31.283  0.3371  4.2357     
 62.722  1.4801    0.5  (-1 9 2)   31.361  0.3378  4.2452     
 62.933  1.4756    0.3  ( 4 2 3)   31.466  0.3388  4.2579     
 63.119  1.4717    0.3  ( 0 10 1)  31.559  0.3397  4.2692     
 63.805  1.4576    0.1  ( 3 5 3)   31.902  0.3430  4.3108     
 64.044  1.4527    0.1  ( 2 10 0)  32.022  0.3442  4.3252     
 64.200  1.4495    0.2  ( 1 9 2)   32.100  0.3449  4.3346     
 64.328  1.4470    0.1  ( 3 9 1)   32.164  0.3456  4.3423     
 64.570  1.4421    0.3  (-3 3 4)   32.285  0.3467  4.3569     
 64.794  1.4377    0.3  ( 1 3 4)   32.397  0.3478  4.3704     
 64.921  1.4352    0.3  ( 0 4 4)   32.461  0.3484  4.3780     
 65.080  1.4320    0.4  (-4 0 4)   32.540  0.3492  4.3876     
 65.277  1.4282    0.2  (-2 10 1)  32.638  0.3501  4.3994     
 65.414  1.4255    0.4  ( 2 0 4)   32.707  0.3507  4.4076     
 65.515  1.4236    0.6  ( 6 6 0)   32.757  0.3512  4.4136     
 65.648  1.4210    0.4  ( 5 5 2)   32.824  0.3519  4.4216     
 65.920  1.4158    0.4  (-7 1 2)   32.960  0.3532  4.4378     
 66.196  1.4106    0.5  (-5 7 2)   33.098  0.3545  4.4543     
 66.380  1.4071    0.4  (-4 2 4)   33.190  0.3553  4.4653     
 66.711  1.4009    0.3  ( 2 10 1)  33.355  0.3569  4.4850     
 66.882  1.3978    0.6  (-3 9 2)   33.441  0.3577  4.4952     
 67.089  1.3940    0.3  (-1 5 4)   33.544  0.3587  4.5074     
 67.211  1.3917    0.4  ( 6 2 2)   33.606  0.3593  4.5147     
 67.555  1.3855    0.1  (-2 8 3)   33.778  0.3609  4.5351     
 68.456  1.3694    0.1  (-7 3 2)   34.228  0.3651  4.5882     
 68.696  1.3652    0.2  ( 1 11 0)  34.348  0.3662  4.6023     
 68.880  1.3620    0.3  (-6 6 2)   34.440  0.3671  4.6131     
 69.305  1.3547    0.1  ( 5 1 3)   34.653  0.3691  4.6381     
 69.715  1.3477    0.2  (-3 5 4)   34.858  0.3710  4.6621     
 69.930  1.3441    0.2  (-6 4 3)   34.965  0.3720  4.6746     
 70.159  1.3403    0.1  (-5 1 4)   35.080  0.3731  4.6880     
 70.328  1.3375    0.1  (-7 5 1)   35.164  0.3738  4.6978     
 70.529  1.3342    0.1  ( 2 4 4)   35.265  0.3748  4.7095     
 71.131  1.3243    0.7  ( 3 9 2)   35.565  0.3775  4.7444     
 71.310  1.3215    0.5  ( 0 6 4)   35.655  0.3784  4.7547     
 71.785  1.3139    0.1  ( 2 8 3)   35.893  0.3806  4.7822     
 71.948  1.3113    0.2  (-1 9 3)   35.974  0.3813  4.7916     
